Sequence§LDA_0§LDA_1§LDA_2§LDA_3§LDA_4
SEQ_001§0.026236647632320177§0.026177806216538552§0.8939205374960404§0.02621499662345042§0.027450012031650376
SEQ_002§0.03254980629320767§0.19288246625379213§0.03335489902686312§0.031816370885369184§0.7093964575407679
SEQ_003§0.03631133072686317§0.03591372757449725§0.036211020678200215§0.035973714816789126§0.8555902062036502
SEQ_004§0.032578444588452174§0.03254919538353214§0.03306209262411957§0.56738748421931§0.33442278318458624
SEQ_005§0.01945875331989947§0.01926690065876246§0.922250838876876§0.019235158738014027§0.01978834840644796
SEQ_006§0.03857949191314025§0.23470297837681106§0.03852632151375077§0.03750841215672902§0.6506827960395689
SEQ_007§0.035128123977299086§0.03514749603708203§0.03565091271460517§0.03507935227578887§0.8589941149952248
SEQ_008§0.025475755203913687§0.025409197493269225§0.8975644807885453§0.02546156904419723§0.026088997470074492
SEQ_009§0.040412067919986354§0.5336239116262753§0.04149110877715998§0.04027232457147408§0.34420058710510415
SEQ_010§0.0261338638162329§0.026289858465044533§0.026476532092264058§0.02606940534407111§0.8950303402823875
SEQ_011§0.02515641507338709§0.0251239447479684§0.025479385117944304§0.025062609955930078§0.89917764510477
SEQ_012§0.03160495032654028§0.03165188561268857§0.03255062308197714§0.13306114692173746§0.7711313940570566
SEQ_013§0.022699332688470915§0.021860391239465374§0.022208246232683124§0.021955494111135735§0.9112765357282449
SEQ_014§0.03130666309453718§0.03122157280199968§0.03211700363088841§0.4355527423971095§0.46980201807546523
SEQ_015§0.03232775417835729§0.03222503837621297§0.03263958442485928§0.03222287927297245§0.870584743747598
SEQ_016§0.02547227122057685§0.024828326287831298§0.027294842756059118§0.024901530719063744§0.897503029016469
SEQ_017§0.021191513755766122§0.021049283922330762§0.021504943434227312§0.020987318398399415§0.9152669404892765
SEQ_018§0.02465460936753267§0.02476490660725635§0.024991109857394528§0.02458739530077834§0.9010019788670381
SEQ_019§0.030235122310895996§0.029980337322236057§0.03022260989948509§0.02995676397871494§0.8796051664886678
SEQ_020§0.020628884536356286§0.0204853981905885§0.4942207032095908§0.020529388070872037§0.4441356259925925
SEQ_021§0.04208363170423097§0.04179557692058515§0.04303989763712644§0.8286691958830867§0.044411697854970546
SEQ_022§0.026056630606428387§0.026862091266085433§0.026528756924051263§0.028158669369304463§0.8923938518341304
SEQ_023§0.02596374036362424§0.025556675493175727§0.8960838465733331§0.025434952365455295§0.026960785204411628
SEQ_024§0.03056677783222255§0.030585760968344325§0.030743535730485043§0.030414866081706734§0.8776890593872414
SEQ_025§0.02045439885669158§0.020236304959545735§0.9182733969743011§0.020144144145140812§0.020891755064320727
SEQ_026§0.022577136639706653§0.022503691483760618§0.022764261020871916§0.02238071242403292§0.9097741984316279
SEQ_027§0.02776614716730286§0.027728979038282694§0.028104924454448413§0.42235478408261345§0.49404516525735265
SEQ_028§0.03265737565303513§0.03269119243724145§0.8677990059364328§0.03260969981960802§0.034242726153682644
SEQ_029§0.020639343763961294§0.020712926199064494§0.4507076139848846§0.02071264679545362§0.487227469256636
SEQ_030§0.033017944403584014§0.03299455641670823§0.03343131300169681§0.033048071906575216§0.8675081142714358
SEQ_031§0.02802450668976049§0.02791738642904214§0.028445409399787774§0.15140799579626046§0.7642047016851491
SEQ_032§0.029182635492809084§0.1993982879523354§0.029768031423552933§0.02943947690570515§0.7122115682255974
SEQ_033§0.15539683367998908§0.026609221972407598§0.026609911680559144§0.026387861260435373§0.7649961714066088
SEQ_034§0.03330978635686322§0.03303456327082144§0.8665136806525674§0.03298783924488764§0.034154130474860184
SEQ_035§0.026561898684784556§0.031743868130727215§0.8871381939715732§0.026279786016530127§0.028276253196384882
SEQ_036§0.030438891767344156§0.030599446645587468§0.877492942715954§0.03020366153131804§0.03126505733979627
SEQ_037§0.3344349899122981§0.032548718476535496§0.5667082991968345§0.032531604340873516§0.033776388073458306
SEQ_038§0.025814032732803045§0.025990509829379532§0.2786676521788869§0.026258652937100304§0.6432691523218304
SEQ_039§0.029035191587692088§0.02887153584279631§0.8834022335542093§0.028895269611471642§0.029795769403830535
SEQ_040§0.35404635902221365§0.030135029130811192§0.030870834953734418§0.03012396797612477§0.5548238089171159
SEQ_041§0.02482412037279675§0.024496741204323744§0.9010336532711403§0.02450344718189013§0.02514203796984907
SEQ_042§0.037662536910439984§0.0376698378510289§0.038217091953506616§0.03754135662331087§0.8489091766617136
SEQ_043§0.022742172338535795§0.022636649273362366§0.6462070943766135§0.022494512279743153§0.28591957173174515
SEQ_044§0.027384941175569274§0.2748893982761513§0.02813778098283244§0.027367260953817116§0.6422206186116299
SEQ_045§0.02429277311495128§0.02428304084193465§0.9019746064068285§0.024425239960138873§0.025024339676146645
SEQ_046§0.03976805767547371§0.03983147966611924§0.039995978235407036§0.039833064301498036§0.840571420121502
SEQ_047§0.026716343356670037§0.02645415100157806§0.5653630432575911§0.026719901884531938§0.3547465604996289
SEQ_048§0.034069912208472844§0.034230210227334135§0.50309384409905§0.3932594133736713§0.035346620091471666
SEQ_049§0.6668391848826574§0.0288948555730718§0.02939502464641992§0.028831226558990185§0.2460397083388608
SEQ_050§0.02994617400902466§0.029589558997491307§0.030103407714922453§0.029734301876606223§0.8806265574019554
SEQ_051§0.024269612429756632§0.2205670777553134§0.7059648061174814§0.024283557808843604§0.024914945888604795
SEQ_052§0.872692043673916§0.031101412494244092§0.03206536866064369§0.0312376429625318§0.032903532208664335
SEQ_053§0.5692345868801701§0.027592278838926666§0.0283121884367984§0.027618124672641905§0.3472428211714628
SEQ_054§0.5389904658136769§0.029760306230483445§0.03048677832188094§0.030694530842319708§0.3700679187916391
SEQ_055§0.3648469068981713§0.031429097295141116§0.03204876755398803§0.03170945898733962§0.5399657692653599
SEQ_056§0.039738468026166276§0.8379204552675534§0.04113548376788234§0.03939278751149972§0.041812805426898185
SEQ_057§0.035414707625232335§0.03521552620943519§0.035796287593172126§0.03538352659010721§0.8581899519820532
SEQ_058§0.026748815741922734§0.3998778211436904§0.027566730982145366§0.02660271130983859§0.5192039208224029
SEQ_059§0.027874654200740364§0.028154151948123634§0.8873152639403693§0.027845913621994227§0.028810016288772455
SEQ_060§0.028378887103531845§0.28104287221236696§0.02939445368351815§0.02832980459277231§0.6328539824078107
SEQ_061§0.026937307240587842§0.026905946404724948§0.027204252332159787§0.026876977041201452§0.8920755169813259
SEQ_062§0.02356464162820234§0.023448128610361947§0.02384700149693293§0.023457717629691264§0.9056825106348116
SEQ_063§0.028775401279546576§0.028775326814993906§0.5661360449259334§0.02883272929597303§0.34748049768355305
SEQ_064§0.6646376010041884§0.029154074177227436§0.029900242589989474§0.029156760832630937§0.24715132139596366
SEQ_065§0.031630960092434955§0.031807169012814884§0.031837779953363836§0.031599901590510994§0.8731241893508753
SEQ_066§0.037472006782792645§0.49974922702880975§0.037059790546314184§0.03701367940502234§0.3887052962370611
SEQ_067§0.02619772405959219§0.025939423049232066§0.8951290984689183§0.025927129839992766§0.026806624582264675
SEQ_068§0.02826909794465847§0.028303870210306392§0.2652017521062412§0.028128230038805754§0.6500970496999882
SEQ_069§0.6844684658491976§0.03052261391994099§0.030934916822942637§0.030362627442302562§0.22371137596561624
SEQ_070§0.026249122282553605§0.026259098603828666§0.8938551115025142§0.026350487975941164§0.027286179635162354
SEQ_071§0.02680410258265714§0.026905958884634134§0.027080359549804277§0.31720142758982117§0.6020081513930832
SEQ_072§0.02920594964541409§0.02904643184056736§0.8825601097268317§0.02919644444706259§0.029991064340124208
SEQ_073§0.025523063297958302§0.32498110858954565§0.025637035475577257§0.025802767642069867§0.5980560249948489
SEQ_074§0.029581007606906535§0.029561852468292942§0.0302002664196967§0.029592862696328152§0.8810640108087756
SEQ_075§0.03858770890469134§0.03748755164621607§0.03830858337690717§0.04348201008563107§0.8421341459865543
SEQ_076§0.030632209823209428§0.030502984487334073§0.8764291694880069§0.03067431139094804§0.0317613248105015
SEQ_077§0.02874410084585893§0.028591846832362818§0.029223973656597218§0.18331215476758508§0.730127923897596
SEQ_078§0.027082417131150848§0.027031005476577687§0.027907564552801984§0.027014323470325292§0.8909646893691442
SEQ_079§0.4547987681567558§0.026418252472354093§0.026728340165959315§0.026374620409099443§0.4656800187958314
SEQ_080§0.8392523817868769§0.039802146629801485§0.04023271783253731§0.03954004358161283§0.0411727101691716
SEQ_081§0.021451501360632248§0.02104750494925551§0.02144365279186355§0.021204583874983942§0.9148527570232649
SEQ_082§0.024117611191461948§0.024003397760400846§0.024277501714084836§0.023990081438347282§0.903611407895705
SEQ_083§0.02675929623078535§0.026799603747704608§0.8918797377918387§0.026885377143318366§0.0276759850863529
SEQ_084§0.029373634409035773§0.029306126594883002§0.8819544654069827§0.029437009248408978§0.029928764340689567
SEQ_085§0.03141826100915912§0.3792105414574765§0.031707743530892465§0.03193669089232452§0.5257267631101474
SEQ_086§0.025369724832758487§0.02528432437232832§0.02615490713798641§0.025241178413698127§0.8979498652432287
SEQ_087§0.04293168110728326§0.04278483601607361§0.04329281623305508§0.042706574866041035§0.828284091777547
SEQ_088§0.03257917560169§0.5339007747279509§0.033057632679045754§0.032371837278751425§0.3680905797125619
SEQ_089§0.03471697484022874§0.7096719923399141§0.03513365819209369§0.034473903713111625§0.1860034709146519
SEQ_090§0.024720162588735814§0.024175181495951336§0.024718311879530566§0.11680218630920422§0.809584157726578
SEQ_091§0.030862898379632565§0.03064577911733404§0.031058956448324588§0.030640682914125916§0.8767916831405829
SEQ_092§0.028064940191968382§0.02821487961541091§0.028705437611322642§0.02818511752261998§0.886829625058678
SEQ_093§0.028403665110771515§0.02819647705825444§0.02860164526926819§0.028132570995001747§0.8866656415667041
SEQ_094§0.04165897810430066§0.041593996890052616§0.8323797505247452§0.041679141066101086§0.042688133414800544
SEQ_095§0.246403705206904§0.029083146042525692§0.029270674214232534§0.02942993103450187§0.6658125435018358
SEQ_096§0.0241667060689323§0.3149729100955862§0.0247576214745918§0.024323620558947965§0.6117791418019418
SEQ_097§0.023575848697538405§0.023560534411094937§0.9052887636356235§0.02354040381721719§0.024034449438526093
SEQ_098§0.8494402178183116§0.037117873101269745§0.038087352386456844§0.03680978286910567§0.038544773824856285
SEQ_099§0.02806129315933658§0.0278852059912221§0.02806146261017138§0.027996601939119743§0.8879954363001502
SEQ_100§0.026129455593675032§0.025969381757684776§0.8948364768546829§0.025963652979667292§0.027101032814290018
SEQ_101§0.47363899264292053§0.02444331672952409§0.024887296672375152§0.024381367936815494§0.4526490260183647
SEQ_102§0.03160924429133476§0.031466269404638286§0.8733688277238479§0.03143167360235496§0.032123984977824135
SEQ_103§0.026814645211293526§0.026676019064330817§0.02696093144640461§0.42777127282577265§0.49177713145219837
SEQ_104§0.5975810622835742§0.029501081401303128§0.030296980045613573§0.02949323645414733§0.3131276398153618
SEQ_105§0.02855959172989391§0.028479542232557404§0.029107030544479513§0.028469785127179344§0.8853840503658899
SEQ_106§0.5981830400926531§0.03218210213173384§0.03256258316425783§0.03218051314685165§0.30489176146450353
SEQ_107§0.023922560367625547§0.023548364099320034§0.02401500202131116§0.02352972692204967§0.9049843465896937
SEQ_108§0.3450460359332568§0.025296680435156184§0.025495133238872356§0.025546900799035186§0.5786152495936796
SEQ_109§0.03644728714427817§0.03625981051012838§0.8539831637371619§0.03626106073292981§0.03704867787550176
SEQ_110§0.026900641932158378§0.026759380862200196§0.02724644375944757§0.02711830250923944§0.8919752309369544
SEQ_111§0.02994225679878932§0.029888578816834863§0.8797242690063659§0.02983276334267552§0.03061213203533431
SEQ_112§0.028410125702894525§0.028644966647107143§0.028748781565640726§0.028464167208994577§0.885731958875363
SEQ_113§0.03667497897255466§0.036623728731128014§0.8527646296356316§0.03666963319442778§0.03726702946625794
SEQ_114§0.03250372963353913§0.032165794246217676§0.03276467694543265§0.03227690372008779§0.8702888954547227
SEQ_115§0.8550342521606125§0.03579731846378576§0.03595867275831756§0.035562692891644127§0.03764706372564006
SEQ_116§0.02201610615267531§0.02182825385091372§0.9115835932039583§0.021894911900344365§0.022677134892108326
SEQ_117§0.04665573194857685§0.04654816428172082§0.047028270353028014§0.04646979310286609§0.8132980403138081
SEQ_118§0.42823719051654446§0.027363826166245112§0.027882606338920705§0.027397932566175974§0.48911844441211366
SEQ_119§0.863904842894751§0.033296532969732694§0.03411385853288635§0.033231029930847686§0.035453735671782304
SEQ_120§0.5580326009072405§0.03398111888631682§0.03467375905699299§0.033691278052031884§0.3396212430974178
SEQ_121§0.027552804304105134§0.1418680159627633§0.02786568621817974§0.02743248633598231§0.7752810071789696
SEQ_122§0.021137002029873887§0.02098905102533506§0.021413264422744008§0.020977737883128903§0.9154829446389181
SEQ_123§0.023580506988374692§0.02353126882372016§0.02400420372483147§0.023495796374582857§0.9053882240884907
SEQ_124§0.030707969935388695§0.030386727474522302§0.03089487759050888§0.3517815109709703§0.5562289140286099
SEQ_125§0.032442074700946004§0.03239970381461072§0.8694622682035812§0.03240900433174809§0.03328694894911389
SEQ_126§0.034299481610342665§0.5497328231357537§0.035075638812930604§0.034188815931463834§0.34670324050950935
SEQ_127§0.032632841939840285§0.0327690419183924§0.8681437582308849§0.03254108806540531§0.0339132698454771
SEQ_128§0.03472341318185437§0.03462732258111553§0.8596824206799251§0.03506883652391112§0.035898007033193895
SEQ_129§0.026047477895598185§0.02603345694554527§0.8952372939138306§0.025917097436543135§0.026764673808482898
SEQ_130§0.03877988197366123§0.038605495285213925§0.8439450332172524§0.03874728570428373§0.0399223038195886
SEQ_131§0.5307808427965709§0.03601771411305051§0.36006802709983815§0.03595414419601525§0.03717927179452519
SEQ_132§0.05181703066333793§0.05172228883315458§0.792787285263232§0.05172545301623894§0.05194794222403649
SEQ_133§0.7868215230702281§0.052922913208255144§0.053440660869713906§0.05283717979058659§0.05397772306121645
SEQ_134§0.017486245713206495§0.017195567767559792§0.01778565878359959§0.01947248297263944§0.9280600447629948
SEQ_135§0.03874506634928076§0.038629968315919014§0.5271599301344004§0.35579044418395517§0.03967459101644456
SEQ_136§0.030076103130654997§0.030081860177809457§0.8786886642939411§0.030020979073106854§0.031132393324487573
SEQ_137§0.025835164958270943§0.02570097112203289§0.8965378120498407§0.025522367474902097§0.026403684394953317
SEQ_138§0.023105258261711246§0.022987363069008202§0.02334435096186143§0.02569074723437084§0.9048722804730482
SEQ_139§0.038503818542825245§0.0384807616957509§0.03888844196128774§0.038423111061353044§0.8457038667387831
SEQ_140§0.030589488302811912§0.030416884328367796§0.030559294451789037§0.030234265218417555§0.8782000676986137
SEQ_141§0.02875939510613008§0.028717521822018068§0.029228447964222453§0.028760544777423513§0.8845340903302058
SEQ_142§0.026427121018229673§0.026264988676908067§0.0271135403580141§0.026258343733014253§0.893936006213834
SEQ_143§0.028508413364362013§0.028380696782645744§0.02879893579836428§0.028511796396082492§0.8858001576585455
SEQ_144§0.030902866479820296§0.031133086820782103§0.875714141100992§0.030665233634350825§0.031584671964054685
SEQ_145§0.025145463349518133§0.025142321009186445§0.8979941508877818§0.02514987853306467§0.026568186220449045
SEQ_146§0.027396538381814627§0.02717884146193044§0.8903814539044854§0.02722840762185198§0.027814758629917523
SEQ_147§0.02869754370659848§0.028851943571567305§0.02918720011304245§0.6656072761889327§0.24765603641985906
SEQ_148§0.03066942241400948§0.27716168121663065§0.031162106728788885§0.03050856797699183§0.6304982216635792
SEQ_149§0.03112500181723136§0.27737501979007007§0.032189001923156976§0.031078809655982656§0.628232166813559
SEQ_150§0.024832906085561§0.025160270762423494§0.7686857631426112§0.024714721171584297§0.15660633883782007
SEQ_151§0.03095435499603635§0.030529764922858575§0.030974799358568922§0.030704712900959386§0.8768363678215768
SEQ_152§0.039822094900083656§0.03968047318193401§0.04013936161489998§0.8394954215522731§0.040862648750809326
SEQ_153§0.033283162120704916§0.03356522889227707§0.8655978667819803§0.03403038304532621§0.03352335915971159
SEQ_154§0.03485822382053353§0.034739730743086616§0.8599292919703252§0.034682422119156855§0.03579033134689777
SEQ_155§0.024212759081510087§0.024084972512593165§0.902366238303437§0.023934213771652765§0.025401816330807236
SEQ_156§0.03554211900528993§0.035503124705611976§0.03596032848834781§0.03545769794815817§0.8575367298525921
SEQ_157§0.02572064235104697§0.025614439014744955§0.026024227616775565§0.025576014351148375§0.8970646766662841
SEQ_158§0.037859739350161764§0.03730664930573439§0.3098621754172901§0.03733116167886101§0.5776402742479527
SEQ_159§0.029476163452991748§0.029529286550997763§0.030096034344467608§0.02946310713625615§0.8814354085152868
SEQ_160§0.04645205848948167§0.04620907364533837§0.048028362885450926§0.8109687804678865§0.048341724511842585
SEQ_161§0.02597798231939624§0.0258308004774694§0.8955863818892229§0.02585393448812382§0.02675090082578759
SEQ_162§0.8655576326611314§0.03275633218283414§0.034067591733944094§0.03316789453075096§0.034450548891339375
SEQ_163§0.8512374897220285§0.036700173142897106§0.037313412511199934§0.03674894704539454§0.037999977578479775
SEQ_164§0.017768044657735675§0.09143593938617754§0.4512549061457769§0.01764999555019907§0.4218911142601108
SEQ_165§0.027209796477097196§0.02753743066208651§0.027659561673446298§0.02719427896605969§0.8903989322213103
SEQ_166§0.02165845928113125§0.021596444484999724§0.022744665895128437§0.021599366533001284§0.9124010638057393
SEQ_167§0.07903332987427061§0.03184038852876098§0.031979212617534926§0.03156018388853438§0.8255868850908992
SEQ_168§0.030090459396280824§0.030346464517401382§0.8784560539369464§0.029950955112985043§0.03115606703638645
SEQ_169§0.026734140607494766§0.3095346457636639§0.026817690913915997§0.02776349637024882§0.6091500263446764
SEQ_170§0.029551925802140847§0.487165803375788§0.030079779308824085§0.029609751652603575§0.42359273986064344
SEQ_171§0.04360574494529458§0.0428498120711627§0.04446264405390542§0.8250525873957768§0.044029211533860274
SEQ_172§0.03911473319739828§0.03899402297657597§0.03921772996776282§0.03898703395965768§0.8436864798986052
SEQ_173§0.026740060136124264§0.31508180507906974§0.02848735234243817§0.02665601283506912§0.6030347696072986
SEQ_174§0.5070038399839154§0.036613269956277256§0.037426719008613565§0.036519798045261405§0.38243637300593236
SEQ_175§0.025984330052664824§0.025936917496199488§0.026045971866514032§0.02579902919104942§0.8962337513935722
SEQ_176§0.5934643869711914§0.03069530271952293§0.031460930673212484§0.030704703254243803§0.31367467638182933
SEQ_177§0.027642211488778785§0.02756094519779796§0.8889243871036331§0.0274708432624286§0.02840161294736149
SEQ_178§0.030910285856316645§0.030962672603815772§0.8754738452624417§0.03088459311604735§0.031768603161378625
SEQ_179§0.02505578320466842§0.564038564561829§0.025380921821577144§0.024921533408775426§0.36060319700314997
SEQ_180§0.03269072927636136§0.0326807442459988§0.0331193911274723§0.03255944724137643§0.8689496881087911
SEQ_181§0.03284921708647291§0.03293563390715315§0.033879716735144096§0.033867841936442385§0.8664675903347875
SEQ_182§0.028697322095009022§0.028564234309712094§0.029169246211441527§0.6930991157086596§0.22047008167517787
SEQ_183§0.02552599465846769§0.025097163218469852§0.02583227904804844§0.02526283179107703§0.8982817312839368
SEQ_184§0.5229316610603364§0.03287411649858918§0.03381771548397317§0.03298837549898439§0.3773881314581169
SEQ_185§0.03479879296976112§0.034763027037576846§0.8602415733274096§0.03481034383264502§0.03538626283260746
SEQ_186§0.030202819309563516§0.030037033092123095§0.8787219064158697§0.03009118884184073§0.03094705234060299
SEQ_187§0.024230591960515344§0.024174485272578528§0.9026368100636204§0.02413878183839287§0.024819330864892956
SEQ_188§0.025087960865985786§0.024962179451512318§0.02630903458860249§0.02501495101943949§0.8986258740744598
SEQ_189§0.02985132856157097§0.029712799093489464§0.030036815979621163§0.029874165630151203§0.8805248907351672
SEQ_190§0.031301234027222284§0.031011470974796555§0.031873624340501956§0.498838943287669§0.4069747273698103
SEQ_191§0.051370255329340184§0.7942531032467653§0.05196160218837162§0.05075077813767119§0.051664261097851646
SEQ_192§0.028657824927524896§0.02850538426633592§0.8851281705912407§0.028644787353201563§0.02906383286169678
SEQ_193§0.02839942982682588§0.02818962771491403§0.02869900251371015§0.02837672816489451§0.8863352117796555
SEQ_194§0.028248306754281024§0.02810153914866562§0.028561908553438018§0.16028900009117666§0.7547992454524386
SEQ_195§0.02411300753010055§0.0241272846994527§0.024516271273192787§0.024023573655844028§0.9032198628414099
SEQ_196§0.02858739910132265§0.29406836971902733§0.029163114350381776§0.028381929768960253§0.619799187060308
SEQ_197§0.03513538955255758§0.4447228317782186§0.03600220771015681§0.035085053779337017§0.4490545171797299
SEQ_198§0.02716100981078951§0.027124161672410288§0.027422720650946687§0.027082303072655776§0.8912098047931978
SEQ_199§0.02471722999096255§0.024277763395175303§0.7456127589504148§0.024329747082992598§0.1810625005804547
SEQ_200§0.03877896759814656§0.03867728101410881§0.8439090066930065§0.03873571710083656§0.039899027593901744
SEQ_201§0.03226138307656624§0.03219491701976158§0.870476050375388§0.032247260416238564§0.03282038911204554
SEQ_202§0.03247252520405631§0.03207981535808888§0.0325264621857075§0.032110103409120676§0.8708110938430267
SEQ_203§0.029148230636778186§0.02903699087499193§0.882600060399312§0.02911900254266919§0.03009571554624869
SEQ_204§0.028076757164648747§0.0279318663122551§0.028179141934244114§0.02791056456221026§0.8879016700266418
SEQ_205§0.030327402592429494§0.4356359936916581§0.030642910205476236§0.03002033211867413§0.473373361391762
SEQ_206§0.027389831365112846§0.027363585185128075§0.8901720722267088§0.02727340858281561§0.02780110264023468
SEQ_207§0.02936317630634441§0.02930594961175208§0.029750192261037686§0.02927543387614611§0.8823052479447197
SEQ_208§0.026873761214068773§0.02682029665696918§0.027258604548548258§0.02683619663074991§0.8922111409496638
SEQ_209§0.02872879536435896§0.028575435358640638§0.029083028942306084§0.02859192408742625§0.885020816247268
SEQ_210§0.029029392888159665§0.028686150578872128§0.028965619964489996§0.33524228520028504§0.5780765513681931
SEQ_211§0.029044776402573972§0.028961677118228907§0.029451387353257575§0.028920717260764964§0.8836214418651747
SEQ_212§0.030828216177394112§0.03088454464882616§0.48897995408687966§0.030733224129420224§0.4185740609574798
SEQ_213§0.03616417003731777§0.03611139336011654§0.03672108695656954§0.03584501172798341§0.8551583379180128
SEQ_214§0.0355893219855558§0.035470724068891936§0.036383227661689325§0.03559953077214203§0.8569571955117209
SEQ_215§0.7941720031804796§0.05005919621667556§0.052227389681156346§0.04995707748457428§0.05358433343711411
SEQ_216§0.032452069627760614§0.032256549566099954§0.03278902202185745§0.7002367948656767§0.20226556391860515
SEQ_217§0.02819854944945997§0.028030945721826215§0.02893248105579539§0.028002417303316336§0.8868356064696021
SEQ_218§0.04001793170537657§0.03976602648816428§0.03987519130562009§0.03969626421307339§0.8406445862877656
SEQ_219§0.014973224012808038§0.01493996205939091§0.22139952309259317§0.015101465837084995§0.7335858249981229
SEQ_220§0.02606963016955126§0.5440305497017244§0.026437192672277062§0.02603975429314699§0.37742287316330025
SEQ_221§0.022439780571888193§0.022270949803880096§0.02246869698064745§0.022471239272919687§0.9103493333706647
SEQ_222§0.01658166683859859§0.0166951136118775§0.0168809758487159§0.016732303262760345§0.9331099404380476
SEQ_223§0.029639738092381473§0.029592784036880974§0.3870024804326897§0.1219102713600758§0.43185472607797215
SEQ_224§0.19764599835593338§0.02414492385424352§0.7288768799119734§0.02438176983376268§0.02495042804408707
SEQ_225§0.026424786631429553§0.026543891994018215§0.026923489335124052§0.18813644757130107§0.7319713844681272
SEQ_226§0.3068386674718897§0.034204674079848646§0.034175063336532786§0.033741495488886865§0.591040099622842
SEQ_227§0.024070217176965083§0.02403696997290442§0.9031408938449976§0.024022466151315727§0.0247294528538172
SEQ_228§0.3759996353793669§0.028472317165888616§0.029530774495863773§0.02877388671817004§0.5372233862407106
SEQ_229§0.039817407035807134§0.03980236030053992§0.04030121007049623§0.039814337004051924§0.8402646855891047
SEQ_230§0.03685346456256568§0.036418379123407986§0.8527774024272823§0.03635196350165312§0.03759879038509077
SEQ_231§0.028496790214448845§0.028206861617615098§0.02877534504296665§0.028247617587378364§0.8862733855375912
SEQ_232§0.03172824118764055§0.03155273302796721§0.03178451925407546§0.03162190581843519§0.8733126007118815
SEQ_233§0.030656219715003694§0.4472752444962606§0.030867972457534556§0.030386243792496916§0.4608143195387042
SEQ_234§0.026491278200767972§0.026604344484420547§0.02705606940566186§0.026390205615847415§0.8934581022933021
SEQ_235§0.02127702674901402§0.021326688173749046§0.9142689852020373§0.021260603119420098§0.021866696755779572
SEQ_236§0.035764796059784415§0.0359781638772552§0.856252046582257§0.03566554411341382§0.03633944936728971
SEQ_237§0.040526927718258866§0.04033290117765817§0.040787118902712166§0.04035213081575975§0.8380009213856111
SEQ_238§0.028697450456594564§0.028740756960031498§0.7148350992975021§0.19858647816393962§0.029140215121932236
SEQ_239§0.47718403224150613§0.02966846674609738§0.030287330398362827§0.029619765698086775§0.4332404049159469
SEQ_240§0.02469182642537635§0.02472808185045726§0.9006490159946816§0.024587688374603338§0.025343387354881498
SEQ_241§0.02150448825726571§0.02144707884861177§0.913161219419681§0.02154526251399508§0.022341950960446395
SEQ_242§0.026096890990792748§0.025672824831753063§0.026145780966220538§0.025573968686987542§0.8965105345242461
SEQ_243§0.03579866201371667§0.03563124057477313§0.035882587934695474§0.035597170620176935§0.8570903388566378
SEQ_244§0.031229660130546098§0.03127066135051734§0.03150053865736587§0.03110365070236066§0.8748954891592101
SEQ_245§0.033315974822448774§0.03344730600827081§0.8652945001104243§0.033400247055678435§0.03454197200317761
SEQ_246§0.03977553049446142§0.039616300821245155§0.8406157569577873§0.03962078251416736§0.04037162921233864
SEQ_247§0.033260987035730785§0.033125608434423755§0.8665043893813191§0.03334176335009734§0.03376725179842894
SEQ_248§0.025816393198013488§0.025428465735171414§0.025482134489220817§0.3631699694962952§0.5601030370812989
SEQ_249§0.03382354286625707§0.033841468745267035§0.03618205606105377§0.03491024481939343§0.8612426875080287
SEQ_250§0.44440230232689§0.03682976863917744§0.03747225522685022§0.03687642289439067§0.4444192509126918
SEQ_251§0.03429766986389538§0.2533004813132892§0.03467136775340764§0.034189185394421444§0.6435412956749863
SEQ_252§0.027939985661133853§0.027897310084370554§0.8876718057943529§0.02799583768780072§0.028495060772341898
SEQ_253§0.030116802083697§0.41605361905129273§0.03090010619584291§0.030080098845207043§0.49284937382396043
SEQ_254§0.02981371572163928§0.029818484934252824§0.030464629603146862§0.029983913127868377§0.8799192566130926
SEQ_255§0.028234072903416275§0.028209952726811763§0.028541636295443925§0.028275322835062535§0.8867390152392655
SEQ_256§0.8821929579306421§0.029146933600174417§0.02965281378221975§0.029045285016034324§0.02996200967092947
SEQ_257§0.039064111560263994§0.03920454388931148§0.039953623651914225§0.35527987949691825§0.526497841401592
SEQ_258§0.026601809806664437§0.026530824399150655§0.026984414651749646§0.02655468353632231§0.893328267606113
SEQ_259§0.03764132874221652§0.03730305987965063§0.037897282448200335§0.037206170004161265§0.8499521589257713
SEQ_260§0.04270566975253717§0.04245037223247482§0.04350320134561209§0.042640701063108584§0.8287000556062674
SEQ_261§0.034883224424572125§0.03379781769153653§0.7086885462564282§0.18705090150239953§0.03557951012506365
SEQ_262§0.029827574292516396§0.02966534450012357§0.0300955925385959§0.24817837127795392§0.6622331173908103
SEQ_263§0.04492126271706273§0.044963653275975506§0.8215609904478383§0.04406659108105245§0.044487502478071275
SEQ_264§0.03387917600639825§0.03375137589252942§0.03445406763391036§0.7021147752348179§0.1958006052323441
SEQ_265§0.021994449105096073§0.021819168683860996§0.33318862798471927§0.13777898147717854§0.4852187727491451
SEQ_266§0.022765321184276755§0.02268414498224193§0.9081338074755528§0.022604044905816537§0.023812681452111916
SEQ_267§0.43038575169797644§0.03477169757422416§0.035270815115468576§0.03484140644002156§0.46473032917230933
SEQ_268§0.028924462526452758§0.028802145442386275§0.02943844997605895§0.028836574787345307§0.8839983672677567
SEQ_269§0.03157259988151088§0.031295968149069785§0.03229799488595489§0.2933150396658546§0.6115183974176099
SEQ_270§0.1927717104582034§0.027827220330907305§0.18162792605923703§0.028047339352193557§0.5697258037994587
SEQ_271§0.03345754723938157§0.03327780888107217§0.03359362912865973§0.03333439084531411§0.8663366239055724
SEQ_272§0.021990648777890587§0.02170552809879315§0.9119330966954392§0.021792480303575994§0.022578246124300913
SEQ_273§0.03737292190193758§0.036790899143841704§0.03763621179455592§0.21779759381413308§0.6704023733455318
SEQ_274§0.03560764370755512§0.03561678308177818§0.035950525380354474§0.03551395862851605§0.8573110892017962
SEQ_275§0.02598090430911161§0.025886965977555534§0.8956748967754533§0.025840403377110657§0.026616829560768926
SEQ_276§0.036012187574946244§0.03603078637944501§0.03654532467267357§0.035992218669762696§0.8554194827031725
SEQ_277§0.022274937775814782§0.21084541080461722§0.023111467054072753§0.022161254529871§0.7216069298356242
SEQ_278§0.025667064300817843§0.025674540039323138§0.026345100084091227§0.025612369882227905§0.8967009256935399
SEQ_279§0.033388722397068825§0.3531525812378201§0.032278115851369145§0.03207743564003252§0.5491031448737095
SEQ_280§0.041391686455102154§0.04095394501853964§0.04141945253534645§0.4041576038330219§0.47207731215798987
SEQ_281§0.03256948300581614§0.03263670809841383§0.032791652427387234§0.03263639224406444§0.8693657642243183
SEQ_282§0.02660539071753937§0.02643628663797154§0.8928051307158635§0.026376113099667992§0.02777707882895752
SEQ_283§0.24750929743554947§0.03155847666755721§0.032664320316282594§0.03155338115235244§0.6567145244282583
SEQ_284§0.5310591191946478§0.032922944230500246§0.033596507993453005§0.03317802280083744§0.3692434057805615
SEQ_285§0.04702554674839744§0.04688221692553103§0.04748810141853675§0.04684120550552695§0.8117629294020078
SEQ_286§0.04643891176752772§0.8135552340272382§0.046649280910000104§0.045575534067759146§0.04778103922747486
SEQ_287§0.03165728420556217§0.3765698956786503§0.03233009109415322§0.031381958032617424§0.5280607709890169
SEQ_288§0.03686090079926512§0.8513832833088774§0.03730095002120479§0.0366329197958471§0.037821946074805615
SEQ_289§0.5234648309228068§0.028344804194428776§0.028860081201169868§0.028645447563455054§0.3906848361181395
SEQ_290§0.0217257101639418§0.02121386196281816§0.9134495824450257§0.021440295914001702§0.022170549514212618
SEQ_291§0.037474823417694335§0.037322539655567206§0.037389275054388646§0.03738176654894725§0.8504315953234025
SEQ_292§0.03204811547673036§0.03197699398522014§0.871396851067052§0.032099106796146665§0.0324789326748508
SEQ_293§0.01898200479510941§0.01881216149761657§0.019196765891636994§0.01882473965890819§0.9241843281567289
SEQ_294§0.0370143189917904§0.03652523155181285§0.03802142262707144§0.6826090369308553§0.20582998989847004
SEQ_295§0.026194179887829096§0.02598973919829299§0.46248975822005634§0.026110085796107792§0.45921623689771385
SEQ_296§0.032454752073579625§0.03246883066985428§0.03325749590379228§0.867335533371098§0.034483387981675835
SEQ_297§0.023385308231158964§0.023449802556639088§0.024317457792588038§0.023428607492990507§0.9054188239266233
SEQ_298§0.0399884147771646§0.03972461949829337§0.8401841935816702§0.039687756289596185§0.040415015853275754
SEQ_299§0.033120420386843916§0.03299505521923887§0.03376045665140029§0.03300628847393212§0.8671177792685849
SEQ_300§0.029887072536288747§0.029520642808243933§0.029963405987235587§0.02931714027816303§0.8813117383900687
SEQ_301§0.037216093356225693§0.037173066084519854§0.8504248529961476§0.03713209368351433§0.03805389387959256
SEQ_302§0.033439856378194584§0.03326106244436066§0.03363917856667717§0.03342837466459044§0.8662315279461771
SEQ_303§0.031433468197836684§0.032073869655106065§0.031651879336852796§0.031477319895649586§0.8733634629145548
SEQ_304§0.03626206446749329§0.40140526382625286§0.48893224734978324§0.03613471553363574§0.03726570882283495
SEQ_305§0.02841597158804061§0.028153132857261377§0.8860958837411976§0.028287636062080207§0.02904737575142016
SEQ_306§0.03605154555182052§0.03574987536313461§0.03715168135087383§0.8506798230353172§0.04036707469885375
SEQ_307§0.03938709731315815§0.4352835688448949§0.040148156565353206§0.03934219509802295§0.44583898217857076
SEQ_308§0.03497828380589539§0.03490693393659442§0.03535672483746752§0.03490339455146029§0.8598546628685825
